--------------  3:
[8, 84, 99, 25245]
[8, 84, 107, 27285]
[8, 84, 116, 29580]
[8, 85, 124, 31620]
[8, 84, 132, 33660]
[8, 84, 140, 35700]
[8, 88, 148, 37740]
[8, 90, 156, 39780]
--------------  5:
[8, 56, 72, 18360]
[8, 57, 80, 20400]
[8, 56, 88, 22440]
[8, 60, 96, 24480]
[8, 60, 105, 26775]
[8, 63, 113, 28815]
[8, 64, 121, 30855]
[8, 63, 129, 32895]
--------------  17:
[8, 32, 47, 11985]
[8, 33, 55, 14025]
[8, 32, 63, 16065]
[8, 35, 71, 18105]
[8, 36, 79, 20145]
[8, 35, 87, 22185]
[8, 32, 95, 24225]
[8, 36, 103, 26265]
--------------  -1:
[8, 66, 81, 20655]
[8, 63, 87, 22185]
[8, 60, 92, 23460]
[8, 60, 100, 25500]
[8, 60, 105, 26775]
[8, 56, 112, 28560]
[8, 56, 118, 30090]
[8, 54, 126, 32130]